key,timestamp
5,448304
1,742175
